{
  "results": [
    {
      "mode": "Type-signature",
      "shape": [
        11933,
        3072
      ],
      "kmeans_k9": {
        "ari": 0.17863653423723083,
        "nmi": 0.40872618389068466,
        "silhouette": 0.06898854637863001,
        "matched_accuracy": 0.39378194921645854
      },
      "sweep": [
        {
          "k": 3,
          "silhouette": 0.04715614208443792,
          "inertia": 7568.757035422977
        },
        {
          "k": 4,
          "silhouette": 0.04997461398898447,
          "inertia": 7451.318444717261
        },
        {
          "k": 5,
          "silhouette": 0.058866519748910016,
          "inertia": 7349.580821585524
        },
        {
          "k": 6,
          "silhouette": 0.05037307616599535,
          "inertia": 7273.453479145295
        },
        {
          "k": 7,
          "silhouette": 0.05964180106406386,
          "inertia": 7183.7017900496285
        },
        {
          "k": 8,
          "silhouette": 0.06553185358719961,
          "inertia": 7102.862052603655
        },
        {
          "k": 9,
          "silhouette": 0.06825897244932869,
          "inertia": 7030.178646627783
        },
        {
          "k": 10,
          "silhouette": 0.07090240500890542,
          "inertia": 6977.228327545461
        },
        {
          "k": 11,
          "silhouette": 0.07085040584768458,
          "inertia": 6928.175151650319
        },
        {
          "k": 12,
          "silhouette": 0.0731396306497039,
          "inertia": 6891.465309252728
        },
        {
          "k": 13,
          "silhouette": 0.07134592325946232,
          "inertia": 6861.8282915974905
        },
        {
          "k": 14,
          "silhouette": 0.07416289166294497,
          "inertia": 6817.864702339202
        },
        {
          "k": 15,
          "silhouette": 0.07043885561443523,
          "inertia": 6789.185686420828
        },
        {
          "k": 16,
          "silhouette": 0.07286093238686212,
          "inertia": 6755.53462168353
        },
        {
          "k": 17,
          "silhouette": 0.07163946968411668,
          "inertia": 6727.105313808678
        },
        {
          "k": 18,
          "silhouette": 0.07221735047945592,
          "inertia": 6702.010515839165
        },
        {
          "k": 19,
          "silhouette": 0.06508192001642363,
          "inertia": 6677.30887124109
        },
        {
          "k": 20,
          "silhouette": 0.0700452255428249,
          "inertia": 6658.574076573875
        }
      ],
      "best_k": 14,
      "centroid_separation": {
        "actual_mean_sim": 0.7096476259260172,
        "random_mean_sim": 0.9860599149273878,
        "random_std": 0.001443409888689701,
        "z_score": -191.49951179307234
      },
      "centroid_matrix": [
        [
          0.9999999996839247,
          0.7526010529273603,
          0.857533090822125,
          0.7732972397342275,
          0.6872792591599736,
          0.6942407174072873,
          0.7825771513903479,
          0.6320428847256593,
          0.7144959411536845
        ],
        [
          0.7526010529273603,
          0.999999999687509,
          0.7868189751798818,
          0.6777023211745969,
          0.7318900756471843,
          0.6468112210121658,
          0.7628570235656277,
          0.5922601277188309,
          0.6606469872300805
        ],
        [
          0.857533090822125,
          0.7868189751798818,
          0.9999999996646699,
          0.7576469866842178,
          0.7534208314783999,
          0.7586898842078323,
          0.8352589497961314,
          0.6566217507029565,
          0.761601012462502
        ],
        [
          0.7732972397342275,
          0.6777023211745969,
          0.7576469866842178,
          0.9999999996983536,
          0.6940690727392124,
          0.7963420183732101,
          0.716956579838839,
          0.5624350202130259,
          0.7289659685527351
        ],
        [
          0.6872792591599736,
          0.7318900756471843,
          0.7534208314783999,
          0.6940690727392124,
          0.9999999996988277,
          0.7310504321188807,
          0.6950776982898972,
          0.6040510748395836,
          0.7077889134467225
        ],
        [
          0.6942407174072873,
          0.6468112210121658,
          0.7586898842078323,
          0.7963420183732101,
          0.7310504321188807,
          0.9999999997107735,
          0.7350584104092002,
          0.5783734576727274,
          0.7752675819247512
        ],
        [
          0.7825771513903479,
          0.7628570235656277,
          0.8352589497961314,
          0.716956579838839,
          0.6950776982898972,
          0.7350584104092002,
          0.9999999996933162,
          0.6110537991154976,
          0.7973955160567074
        ],
        [
          0.6320428847256593,
          0.5922601277188309,
          0.6566217507029565,
          0.5624350202130259,
          0.6040510748395836,
          0.5783734576727274,
          0.6110537991154976,
          0.9999999997448031,
          0.5371355055645537
        ],
        [
          0.7144959411536845,
          0.6606469872300805,
          0.761601012462502,
          0.7289659685527351,
          0.7077889134467225,
          0.7752675819247512,
          0.7973955160567074,
          0.5371355055645537,
          0.9999999997107093
        ]
      ]
    },
    {
      "mode": "Definition",
      "shape": [
        11933,
        3072
      ],
      "kmeans_k9": {
        "ari": 0.03850234813271769,
        "nmi": 0.11696452028427709,
        "silhouette": 0.03193720894957561,
        "matched_accuracy": 0.2394200955333948
      },
      "sweep": [
        {
          "k": 3,
          "silhouette": 0.06550478320299463,
          "inertia": 8878.325352887596
        },
        {
          "k": 4,
          "silhouette": 0.06165150642575106,
          "inertia": 8813.403421013523
        },
        {
          "k": 5,
          "silhouette": 0.06169295426342579,
          "inertia": 8756.294193562473
        },
        {
          "k": 6,
          "silhouette": 0.0320490615085847,
          "inertia": 8703.826824263779
        },
        {
          "k": 7,
          "silhouette": 0.03118802786620161,
          "inertia": 8656.68182552514
        },
        {
          "k": 8,
          "silhouette": 0.03210966838696957,
          "inertia": 8612.295848280693
        },
        {
          "k": 9,
          "silhouette": 0.03349017288089231,
          "inertia": 8574.250830894955
        },
        {
          "k": 10,
          "silhouette": 0.02958414365419759,
          "inertia": 8541.23668624989
        },
        {
          "k": 11,
          "silhouette": 0.031018807508530234,
          "inertia": 8509.604603047268
        },
        {
          "k": 12,
          "silhouette": 0.03314327061786603,
          "inertia": 8475.419539252145
        },
        {
          "k": 13,
          "silhouette": 0.03171936075774334,
          "inertia": 8446.369691685231
        },
        {
          "k": 14,
          "silhouette": 0.032793306464963055,
          "inertia": 8422.69709317527
        },
        {
          "k": 15,
          "silhouette": 0.03136237384601189,
          "inertia": 8396.56583234512
        },
        {
          "k": 16,
          "silhouette": 0.03310503600427968,
          "inertia": 8370.074147386615
        },
        {
          "k": 17,
          "silhouette": 0.030830831598219824,
          "inertia": 8348.689797115476
        },
        {
          "k": 18,
          "silhouette": 0.03274373955126964,
          "inertia": 8328.051524975268
        },
        {
          "k": 19,
          "silhouette": 0.032798746923770036,
          "inertia": 8304.125067893998
        },
        {
          "k": 20,
          "silhouette": 0.03423077327685803,
          "inertia": 8284.484237959357
        }
      ],
      "best_k": 3,
      "centroid_separation": {
        "actual_mean_sim": 0.810285288868922,
        "random_mean_sim": 0.9753322356121807,
        "random_std": 0.0019022453725740498,
        "z_score": -86.76427821712775
      },
      "centroid_matrix": [
        [
          0.9999999995999042,
          0.8017616485624253,
          0.8905419229866542,
          0.9019995969919816,
          0.8075282781681449,
          0.767740696834324,
          0.8616106530247466,
          0.6914332128069491,
          0.8274716829411505
        ],
        [
          0.8017616485624253,
          0.9999999995963358,
          0.8710871376401987,
          0.7911377704230922,
          0.890630765049728,
          0.7903548985621496,
          0.859784552012067,
          0.7129473675457985,
          0.8144170407402623
        ],
        [
          0.8905419229866542,
          0.8710871376401987,
          0.9999999995698801,
          0.8795587174097478,
          0.9049897525083784,
          0.8481766842609594,
          0.8785311645966885,
          0.7709803274623414,
          0.8484642444496906
        ],
        [
          0.9019995969919816,
          0.7911377704230922,
          0.8795587174097478,
          0.9999999996106695,
          0.8164244694239783,
          0.8192876314185695,
          0.8288329829664012,
          0.6755649326042552,
          0.8284600413470418
        ],
        [
          0.8075282781681449,
          0.890630765049728,
          0.9049897525083784,
          0.8164244694239783,
          0.9999999995907538,
          0.8624222414111279,
          0.8240629220861452,
          0.7140981158941846,
          0.812908675562158
        ],
        [
          0.767740696834324,
          0.7903548985621496,
          0.8481766842609594,
          0.8192876314185695,
          0.8624222414111279,
          0.999999999618891,
          0.8468955199530821,
          0.650973475780107,
          0.864229204582794
        ],
        [
          0.8616106530247466,
          0.859784552012067,
          0.8785311645966885,
          0.8288329829664012,
          0.8240629220861452,
          0.8468955199530821,
          0.9999999996012885,
          0.6563064424037945,
          0.9460172786048169
        ],
        [
          0.6914332128069491,
          0.7129473675457985,
          0.7709803274623414,
          0.6755649326042552,
          0.7140981158941846,
          0.650973475780107,
          0.6563064424037945,
          0.9999999996712348,
          0.6126383502652579
        ],
        [
          0.8274716829411505,
          0.8144170407402623,
          0.8484642444496906,
          0.8284600413470418,
          0.812908675562158,
          0.864229204582794,
          0.9460172786048169,
          0.6126383502652579,
          0.9999999996158433
        ]
      ]
    },
    {
      "mode": "Combined",
      "shape": [
        11933,
        3072
      ],
      "kmeans_k9": {
        "ari": 0.3561743139480884,
        "nmi": 0.6978865484146439,
        "silhouette": 0.07835330492899686,
        "matched_accuracy": 0.551412050615939
      },
      "sweep": [
        {
          "k": 3,
          "silhouette": 0.09531674917308852,
          "inertia": 7108.696481204001
        },
        {
          "k": 4,
          "silhouette": 0.05493560051887366,
          "inertia": 7025.441099650487
        },
        {
          "k": 5,
          "silhouette": 0.06198188288893433,
          "inertia": 6944.510246221763
        },
        {
          "k": 6,
          "silhouette": 0.0616593135050473,
          "inertia": 6871.994553191882
        },
        {
          "k": 7,
          "silhouette": 0.06887877483788771,
          "inertia": 6801.1744520089305
        },
        {
          "k": 8,
          "silhouette": 0.07039357360809655,
          "inertia": 6736.415394530901
        },
        {
          "k": 9,
          "silhouette": 0.0740885781868804,
          "inertia": 6678.593244318409
        },
        {
          "k": 10,
          "silhouette": 0.07650211170267067,
          "inertia": 6635.360330371641
        },
        {
          "k": 11,
          "silhouette": 0.07878819857516146,
          "inertia": 6586.938385256439
        },
        {
          "k": 12,
          "silhouette": 0.07931375467084534,
          "inertia": 6558.077082435306
        },
        {
          "k": 13,
          "silhouette": 0.0676529762649414,
          "inertia": 6523.034071950209
        },
        {
          "k": 14,
          "silhouette": 0.07957985180051881,
          "inertia": 6490.349135694494
        },
        {
          "k": 15,
          "silhouette": 0.06696227611997983,
          "inertia": 6465.175605345402
        },
        {
          "k": 16,
          "silhouette": 0.06641942035682916,
          "inertia": 6442.538795843597
        },
        {
          "k": 17,
          "silhouette": 0.0661078506122698,
          "inertia": 6419.157489288905
        },
        {
          "k": 18,
          "silhouette": 0.06849037311341732,
          "inertia": 6398.1642121004315
        },
        {
          "k": 19,
          "silhouette": 0.06726199511047413,
          "inertia": 6380.618047583991
        },
        {
          "k": 20,
          "silhouette": 0.06851036161493392,
          "inertia": 6361.313142584079
        }
      ],
      "best_k": 3,
      "centroid_separation": {
        "actual_mean_sim": 0.7118874659330393,
        "random_mean_sim": 0.9878408756886593,
        "random_std": 0.0011327276201406203,
        "z_score": -243.61850532201402
      },
      "centroid_matrix": [
        [
          0.9999999997089827,
          0.6782023338453205,
          0.7512948604272888,
          0.6908051564480051,
          0.6636691939048004,
          0.671669238964741,
          0.7399366157823426,
          0.6235118487831407,
          0.6569277697239009
        ],
        [
          0.6782023338453205,
          0.999999999706947,
          0.7685290122492159,
          0.707122130036735,
          0.7416551476165486,
          0.6922862807937927,
          0.7564343987358301,
          0.6242922218298227,
          0.6987365196020956
        ],
        [
          0.7512948604272888,
          0.7685290122492159,
          0.9999999996857564,
          0.7471067807701796,
          0.7894298649499698,
          0.7785946407977159,
          0.7891265174481643,
          0.7048765463517438,
          0.7527238181198836
        ],
        [
          0.6908051564480051,
          0.707122130036735,
          0.7471067807701796,
          0.9999999997133384,
          0.7067422554102206,
          0.7506003207940776,
          0.6990785673347596,
          0.6162221652886116,
          0.7010956482067279
        ],
        [
          0.6636691939048004,
          0.7416551476165486,
          0.7894298649499698,
          0.7067422554102206,
          0.9999999997019193,
          0.7996789932587489,
          0.7303226546954831,
          0.6802553964166339,
          0.7460342399373738
        ],
        [
          0.671669238964741,
          0.6922862807937927,
          0.7785946407977159,
          0.7506003207940776,
          0.7996789932587489,
          0.9999999997138587,
          0.7572040867888198,
          0.6523597168893406,
          0.7641046612560137
        ],
        [
          0.7399366157823426,
          0.7564343987358301,
          0.7891265174481643,
          0.6990785673347596,
          0.7303226546954831,
          0.7572040867888198,
          0.9999999997058422,
          0.65034802520104,
          0.7626846017828559
        ],
        [
          0.6235118487831407,
          0.6242922218298227,
          0.7048765463517438,
          0.6162221652886116,
          0.6802553964166339,
          0.6523597168893406,
          0.65034802520104,
          0.9999999997407203,
          0.5842865431474749
        ],
        [
          0.6569277697239009,
          0.6987365196020956,
          0.7527238181198836,
          0.7010956482067279,
          0.7460342399373738,
          0.7641046612560137,
          0.7626846017828559,
          0.5842865431474749,
          0.9999999997179403
        ]
      ]
    }
  ],
  "verbs": [
    "accompany",
    "conduct",
    "escort",
    "guide",
    "lead",
    "shepherd",
    "steer",
    "admire",
    "adore",
    "appreciate",
    "bear",
    "bewail",
    "cherish",
    "deify",
    "disbelieve",
    "esteem",
    "exalt",
    "fancy",
    "favor",
    "grudge",
    "idolize",
    "miss",
    "prefer",
    "affirm",
    "reaffirm",
    "prize",
    "respect",
    "relish",
    "revere",
    "savor",
    "stand",
    "support",
    "tolerate",
    "treasure",
    "trust",
    "value",
    "venerate",
    "worship",
    "abhor",
    "deplore",
    "distrust",
    "dread",
    "envy",
    "execrate",
    "lament",
    "loathe",
    "mourn",
    "pity",
    "resent",
    "rue",
    "believe",
    "suffer",
    "despise",
    "detest",
    "disdain",
    "dislike",
    "regret",
    "like",
    "love",
    "enjoy",
    "fear",
    "hate",
    "admit",
    "allow",
    "include",
    "permit",
    "welcome",
    "assume",
    "adopt",
    "take over",
    "take on",
    "alert",
    "assure",
    "brief",
    "encourage",
    "entice",
    "inform",
    "notify",
    "admonish",
    "advise",
    "caution",
    "counsel",
    "instruct",
    "warn",
    "couple",
    "incorporate",
    "integrate",
    "match",
    "overlap",
    "amalgamate",
    "coalesce",
    "consolidate",
    "intermingle",
    "conjoin",
    "entangle",
    "muddle",
    "pair",
    "team",
    "affiliate",
    "associate",
    "compare",
    "confederate",
    "confuse",
    "total",
    "identity",
    "alternate",
    "crisscross",
    "entwine",
    "interchange",
    "interconnect",
    "interlace",
    "interlink",
    "interlock",
    "intersperse",
    "intertwine",
    "interweave",
    "mate",
    "unite",
    "coincide",
    "contrast",
    "correlate",
    "harmonize",
    "interrelate",
    "rhyme",
    "unify",
    "oppose",
    "introduce",
    "figure",
    "marry",
    "wed",
    "engage",
    "abash",
    "affect",
    "afflict",
    "affront",
    "aggravate",
    "aggrieve",
    "agitate",
    "agonize",
    "alarm",
    "alienate",
    "amaze",
    "amuse",
    "anger",
    "annoy",
    "antagonize",
    "appall",
    "appease",
    "arouse",
    "assuage",
    "astonish",
    "astound",
    "awe",
    "baffle",
    "befuddle",
    "beguile",
    "bewilder",
    "bewitch",
    "boggle",
    "bore",
    "bother",
    "bug",
    "calm",
    "captivate",
    "chagrin",
    "charm",
    "cheer",
    "chill",
    "comfort",
    "concern",
    "confound",
    "console",
    "content",
    "convince",
    "cow",
    "crush",
    "cut",
    "daunt",
    "daze",
    "dazzle",
    "deject",
    "delight",
    "demolish",
    "demoralize",
    "depress",
    "devastate",
    "disappoint",
    "disarm",
    "discombobulate",
    "discomfit",
    "disconcert",
    "discompose",
    "discourage",
    "disgrace",
    "disgruntle",
    "disgust",
    "dishearten",
    "disillusion",
    "dismay",
    "dispirit",
    "displease",
    "disquiet",
    "dissatisfy",
    "distract",
    "distress",
    "disturb",
    "divert",
    "dumbfound",
    "elate",
    "electrify",
    "embarrass",
    "embolden",
    "enchant",
    "enervate",
    "engross",
    "enlighten",
    "enliven",
    "enrage",
    "enrapture",
    "entertain",
    "enthrall",
    "enthuse",
    "entrance",
    "exasperate",
    "excite",
    "exhaust",
    "exhilarate",
    "fascinate",
    "fatigue",
    "faze",
    "flabbergast",
    "flatter",
    "floor",
    "fluster",
    "frighten",
    "frustrate",
    "gall",
    "galvanize",
    "gladden",
    "gratify",
    "grieve",
    "harass",
    "harm",
    "haunt",
    "hearten",
    "horrify",
    "humble",
    "humiliate",
    "hurt",
    "hypnotize",
    "impair",
    "impress",
    "incense",
    "inflame",
    "infuriate",
    "inspire",
    "insult",
    "interest",
    "intimidate",
    "intoxicate",
    "intrigue",
    "invigorate",
    "irk",
    "irritate",
    "jade",
    "jar",
    "jollify",
    "jolt",
    "lull",
    "madden",
    "menace",
    "mesmerize",
    "miff",
    "molest",
    "mollify",
    "mortify",
    "move",
    "mystify",
    "nauseate",
    "nettle",
    "numb",
    "obsess",
    "occupy",
    "offend",
    "outrage",
    "overawe",
    "overwhelm",
    "pacify",
    "pain",
    "peeve",
    "perplex",
    "perturb",
    "pester",
    "pique",
    "placate",
    "plague",
    "please",
    "preoccupy",
    "provoke",
    "puzzle",
    "quench",
    "rankle",
    "ravish",
    "reassure",
    "recharge",
    "refresh",
    "rejuvenate",
    "relax",
    "relieve",
    "repel",
    "repulse",
    "revitalize",
    "revolt",
    "rile",
    "ruffle",
    "sadden",
    "satiate",
    "satisfy",
    "scandalize",
    "scare",
    "shake",
    "shame",
    "shock",
    "sicken",
    "sober",
    "solace",
    "soothe",
    "spellbind",
    "spook",
    "stagger",
    "startle",
    "stimulate",
    "sting",
    "stir",
    "strike",
    "stump",
    "stun",
    "stupefy",
    "surprise",
    "tantalize",
    "taunt",
    "tease",
    "tempt",
    "terrify",
    "terrorize",
    "threaten",
    "thrill",
    "throw",
    "tickle",
    "tire",
    "titillate",
    "torment",
    "torture",
    "touch",
    "transfix",
    "transport",
    "trouble",
    "try",
    "unnerve",
    "unsettle",
    "uplift",
    "upset",
    "vex",
    "weary",
    "worry",
    "wound",
    "wow",
    "roil",
    "baa",
    "bark",
    "bay",
    "bellow",
    "blat",
    "bleat",
    "bray",
    "buzz",
    "cackle",
    "call",
    "caw",
    "chatter",
    "cheep",
    "chirp",
    "chirrup",
    "chitter",
    "cluck",
    "coo",
    "croak",
    "crow",
    "cuckoo",
    "drone",
    "gobble",
    "growl",
    "grunt",
    "hee-haw",
    "hiss",
    "honk",
    "hoot",
    "howl",
    "low",
    "meow",
    "mew",
    "moo",
    "neigh",
    "oink",
    "peep",
    "pipe",
    "purr",
    "quack",
    "roar",
    "scrawk",
    "squawk",
    "squeak",
    "squeal",
    "stridulate",
    "trill",
    "tweet",
    "twitter",
    "wail",
    "warble",
    "whimper",
    "whinny",
    "whistle",
    "woof",
    "yap",
    "yell",
    "yelp",
    "yip",
    "yowl",
    "boom",
    "rattle",
    "groan",
    "ululate",
    "moan",
    "rumble",
    "thunder",
    "wheeze",
    "whine",
    "niggle",
    "grate",
    "appeal",
    "matter",
    "appear",
    "arise",
    "awake",
    "awaken",
    "break",
    "burst",
    "come",
    "dawn",
    "derive",
    "develop",
    "emanate",
    "emerge",
    "erupt",
    "evolve",
    "exude",
    "flow",
    "form",
    "grow",
    "gush",
    "issue",
    "materialize",
    "open",
    "plop",
    "pop up",
    "reappear",
    "re-emerge",
    "result",
    "rise",
    "show up",
    "spill",
    "spread",
    "steal",
    "stem",
    "stream",
    "supervene",
    "surge",
    "wax",
    "appoint",
    "crown",
    "designate",
    "elect",
    "proclaim",
    "promote",
    "mark",
    "ordain",
    "upgrade",
    "reelect",
    "want",
    "name",
    "nominate",
    "accept",
    "understand",
    "analyze",
    "assess",
    "audit",
    "evaluate",
    "review",
    "scrutinize",
    "study",
    "bend",
    "bow",
    "crouch",
    "flop",
    "hang",
    "kneel",
    "lean",
    "lie",
    "perch",
    "sit",
    "slouch",
    "slump",
    "sprawl",
    "squat",
    "stoop",
    "straddle",
    "avoid",
    "boycott",
    "circumvent",
    "dodge",
    "duck",
    "elude",
    "eschew",
    "evade",
    "shun",
    "sidestep",
    "banish",
    "deport",
    "evacuate",
    "expel",
    "extradite",
    "recall",
    "remove",
    "consult",
    "exile",
    "argue",
    "bargain",
    "battle",
    "bicker",
    "brawl",
    "clash",
    "combat",
    "compete",
    "conflict",
    "correspond",
    "communicate",
    "dicker",
    "differ",
    "disagree",
    "dispute",
    "duel",
    "feud",
    "fight",
    "joust",
    "quarrel",
    "quibble",
    "scuffle",
    "skirmish",
    "spar",
    "spat",
    "struggle",
    "squabble",
    "tilt",
    "tussle",
    "vie",
    "war",
    "wrangle",
    "wrestle",
    "go on",
    "proceed",
    "begin",
    "start",
    "start off",
    "commence",
    "recommence",
    "resume",
    "undertake",
    "attire",
    "clad",
    "garb",
    "robe",
    "crease",
    "crinkle",
    "crumple",
    "fold",
    "furrow",
    "rumple",
    "wrinkle",
    "antique",
    "berry",
    "birdnest",
    "blackberry",
    "clam",
    "crab",
    "fish",
    "fowl",
    "grouse",
    "hay",
    "log",
    "mushroom",
    "nest",
    "nut",
    "oyster",
    "pearl",
    "prawn",
    "rabbit",
    "seal",
    "shark",
    "shrimp",
    "snail",
    "snipe",
    "sponge",
    "whale",
    "whelk",
    "bet",
    "bill",
    "charge",
    "fine",
    "invoice",
    "mulct",
    "overcharge",
    "save",
    "scrimp",
    "spare",
    "tax",
    "tip",
    "undercharge",
    "wager",
    "buck",
    "fidget",
    "flap",
    "gyrate",
    "kick",
    "rock",
    "squirm",
    "sway",
    "teeter",
    "totter",
    "twitch",
    "waggle",
    "wiggle",
    "wobble",
    "wriggle",
    "convulse",
    "cower",
    "quake",
    "quiver",
    "shiver",
    "shudder",
    "tremble",
    "writhe",
    "bob",
    "braid",
    "brush",
    "clip",
    "coldcream",
    "comb",
    "condition",
    "crimp",
    "crop",
    "curl",
    "dye",
    "file",
    "henna",
    "lather",
    "manicure",
    "part",
    "perm",
    "plait",
    "pluck",
    "powder",
    "rinse",
    "rouge",
    "set",
    "shampoo",
    "soap",
    "talc",
    "towel",
    "trim",
    "wave",
    "chip",
    "crack",
    "crash",
    "fracture",
    "rip",
    "shatter",
    "smash",
    "snap",
    "splinter",
    "split",
    "tear",
    "bleed",
    "dribble",
    "drool",
    "puke",
    "spit",
    "sweat",
    "vomit",
    "weep",
    "breathe",
    "cough",
    "cry",
    "defecate",
    "expectorate",
    "retch",
    "slobber",
    "urinate",
    "take",
    "bring",
    "arrange",
    "assemble",
    "bake",
    "blow",
    "cast",
    "chisel",
    "churn",
    "compile",
    "cook",
    "cook up",
    "crochet",
    "embroider",
    "erect",
    "fashion",
    "forge",
    "formulate",
    "grind",
    "hack",
    "hammer",
    "hatch",
    "knit",
    "mold",
    "pound",
    "roll",
    "sculpture",
    "sew",
    "spin",
    "stitch",
    "weave",
    "whittle",
    "build",
    "carve",
    "make",
    "sculpt",
    "shape",
    "bristle",
    "bulge",
    "seethe",
    "hit",
    "bang",
    "bump",
    "knock",
    "ram",
    "slam",
    "thud",
    "aromatize",
    "asphalt",
    "bait",
    "black",
    "blanket",
    "blindfold",
    "board",
    "bread",
    "brick",
    "bridle",
    "bronze",
    "butter",
    "buttonhole",
    "calk",
    "carpet",
    "caulk",
    "chrome",
    "clay",
    "cloak",
    "cork",
    "diaper",
    "dope",
    "drug",
    "feather",
    "fence",
    "flour",
    "forest",
    "frame",
    "fuel",
    "gag",
    "garland",
    "glove",
    "graffiti",
    "gravel",
    "grease",
    "groove",
    "halter",
    "harness",
    "heel",
    "ink",
    "label",
    "leash",
    "leaven",
    "lipstick",
    "lubricate",
    "mantle",
    "mulch",
    "muzzle",
    "nickel",
    "oil",
    "ornament",
    "panel",
    "paper",
    "parquet",
    "patch",
    "pepper",
    "perfume",
    "plank",
    "plaster",
    "poison",
    "polish",
    "pomade",
    "poster",
    "postmark",
    "putty",
    "roof",
    "rosin",
    "rut",
    "saddle",
    "salt",
    "salve",
    "sand",
    "seed",
    "sequin",
    "shawl",
    "shingle",
    "shoe",
    "shutter",
    "silver",
    "slate",
    "slipcover",
    "sod",
    "sole",
    "spice",
    "stain",
    "starch",
    "stopper",
    "stress",
    "string",
    "stucco",
    "sugar",
    "sulphur",
    "tag",
    "tar",
    "tarmac",
    "tassel",
    "thatch",
    "ticket",
    "tile",
    "turf",
    "veil",
    "veneer",
    "wallpaper",
    "water",
    "whitewash",
    "wreathe",
    "yoke",
    "zipcode",
    "cap",
    "top",
    "multiply",
    "balloon",
    "climb",
    "decline",
    "decrease",
    "depreciate",
    "diminish",
    "drop",
    "fall",
    "fluctuate",
    "gain",
    "increase",
    "jump",
    "plummet",
    "plunge",
    "rocket",
    "skyrocket",
    "soar",
    "tumble",
    "vary",
    "dip",
    "lower",
    "swell",
    "calve",
    "cub",
    "fawn",
    "foal",
    "kitten",
    "lamb",
    "litter",
    "pup",
    "spawn",
    "whelp",
    "prostitute",
    "volunteer",
    "boss",
    "bully",
    "butcher",
    "butler",
    "caddy",
    "captain",
    "champion",
    "chaperone",
    "chauffeur",
    "clerk",
    "coach",
    "cox",
    "crew",
    "doctor",
    "emcee",
    "guard",
    "host",
    "model",
    "mother",
    "nurse",
    "partner",
    "pilot",
    "pioneer",
    "police",
    "referee",
    "skipper",
    "sponsor",
    "tailor",
    "tutor",
    "umpire",
    "understudy",
    "usher",
    "valet",
    "witness",
    "star",
    "mind",
    "care",
    "wonder",
    "carry",
    "drag",
    "haul",
    "heft",
    "hoist",
    "lug",
    "pull",
    "schlep",
    "tote",
    "tow",
    "tug",
    "heave",
    "push",
    "shove",
    "bruise",
    "cube",
    "dent",
    "dice",
    "fillet",
    "gash",
    "gouge",
    "mangle",
    "mash",
    "mince",
    "nick",
    "notch",
    "perforate",
    "pulverize",
    "shred",
    "slice",
    "slit",
    "squash",
    "squish",
    "chop",
    "drill",
    "lance",
    "mill",
    "mow",
    "punch",
    "prune",
    "spear",
    "tread",
    "blanch",
    "faint",
    "swoon",
    "depict",
    "detail",
    "envision",
    "interpret",
    "picture",
    "paint",
    "recast",
    "redraw",
    "specify",
    "diagnose",
    "certify",
    "praise",
    "hail",
    "regard",
    "treat",
    "rank",
    "perceive",
    "judge",
    "class",
    "classify",
    "enlist",
    "reinstate",
    "select",
    "train",
    "portray",
    "characterize",
    "see",
    "view",
    "know",
    "define",
    "describe",
    "represent",
    "envisage",
    "identify",
    "imagine",
    "visualize",
    "remember",
    "recollect",
    "report",
    "reveal",
    "chase",
    "follow",
    "pursue",
    "shadow",
    "tail",
    "track",
    "trail",
    "bereave",
    "cleanse",
    "cure",
    "denude",
    "deplete",
    "depopulate",
    "deprive",
    "despoil",
    "disabuse",
    "disencumber",
    "dispossess",
    "divest",
    "purge",
    "purify",
    "ransack",
    "render",
    "rid",
    "rifle",
    "strip",
    "unburden",
    "void",
    "wean",
    "bilk",
    "balk",
    "cheat",
    "defraud",
    "rob",
    "sap",
    "gull",
    "fleece",
    "cull",
    "burgle",
    "con",
    "drain",
    "ease",
    "milk",
    "plunder",
    "swindle",
    "free",
    "absolve",
    "acquit",
    "exonerate",
    "pardon",
    "chew",
    "chomp",
    "crunch",
    "gnaw",
    "masticate",
    "munch",
    "nibble",
    "pick",
    "peck",
    "lick",
    "teethe",
    "sip",
    "slurp",
    "suck",
    "chat",
    "chitchat",
    "confer",
    "converse",
    "gab",
    "gossip",
    "rap",
    "schmooze",
    "yak",
    "clear",
    "clean",
    "empty",
    "adhere",
    "cleave",
    "cling",
    "loop",
    "twine",
    "whirl",
    "wind",
    "coil",
    "twirl",
    "twist",
    "color",
    "distemper",
    "enamel",
    "glaze",
    "japan",
    "lacquer",
    "repaint",
    "shellac",
    "spraypaint",
    "tint",
    "varnish",
    "boast",
    "brag",
    "complain",
    "gripe",
    "grouch",
    "grumble",
    "kvetch",
    "object",
    "complete",
    "discontinue",
    "initiate",
    "quit",
    "block",
    "cloister",
    "conceal",
    "curtain",
    "isolate",
    "quarantine",
    "repress",
    "screen",
    "seclude",
    "sequester",
    "shelter",
    "suppress",
    "hide",
    "confess",
    "acknowledge",
    "institutionalize",
    "commit",
    "send",
    "confine",
    "conjecture",
    "deny",
    "doubt",
    "feel",
    "foreknow",
    "foresee",
    "foretell",
    "guess",
    "hold",
    "prophesy",
    "realize",
    "repute",
    "recognize",
    "surmise",
    "suspect",
    "swear",
    "mean",
    "vaticinate",
    "assert",
    "discover",
    "grant",
    "guarantee",
    "maintain",
    "observe",
    "show",
    "deem",
    "rate",
    "reckon",
    "consider",
    "think",
    "suppose",
    "collaborate",
    "collude",
    "conspire",
    "discriminate",
    "lesgislate",
    "protest",
    "rebel",
    "retaliate",
    "scheme",
    "sin",
    "team up",
    "use",
    "consume",
    "pass",
    "spend",
    "waste",
    "bestride",
    "border",
    "bound",
    "bracket",
    "bridge",
    "circle",
    "contain",
    "cover",
    "edge",
    "encircle",
    "enclose",
    "encompass",
    "engulf",
    "fill",
    "flank",
    "head",
    "hug",
    "line",
    "overcast",
    "overhang",
    "precede",
    "rim",
    "ring",
    "skirt",
    "span",
    "surmount",
    "surround",
    "traverse",
    "underlie",
    "abut",
    "adjoin",
    "cross",
    "intersect",
    "meet",
    "dominate",
    "continue",
    "disseminate",
    "distribute",
    "lose",
    "refer",
    "relinquish",
    "remit",
    "resign",
    "restore",
    "administer",
    "donate",
    "forfeit",
    "sacrifice",
    "submit",
    "surrender",
    "contribute",
    "disburse",
    "extend",
    "proffer",
    "return",
    "transfer",
    "reimburse",
    "come around",
    "get",
    "get around",
    "get down",
    "go back",
    "resort",
    "revert",
    "settle down",
    "shift",
    "turn",
    "change over",
    "convert",
    "move over",
    "switch",
    "switch over",
    "barbecue",
    "boil",
    "braise",
    "broil",
    "brown",
    "charbroil",
    "charcoal-broil",
    "coddle",
    "crisp",
    "deep-fry",
    "french-fry",
    "fry",
    "grill",
    "hardboil",
    "heat",
    "microwave",
    "oven-fry",
    "oven-poach",
    "overcook",
    "overheat",
    "pan-broil",
    "pan-fry",
    "parboil",
    "parch",
    "percolate",
    "perk",
    "poach",
    "pot-roast",
    "reheat",
    "rissole",
    "roast",
    "saute",
    "scald",
    "scallop",
    "shirr",
    "simmer",
    "softboil",
    "steam",
    "steam-bake",
    "stew",
    "stir fry",
    "toast",
    "cooperate",
    "join",
    "participate",
    "labour",
    "work",
    "deal",
    "cope",
    "manage",
    "grapple",
    "get by",
    "succeed",
    "banter",
    "coexist",
    "collide",
    "commiserate",
    "compromise",
    "concur",
    "confabulate",
    "consort",
    "dissent",
    "elope",
    "flirt",
    "haggle",
    "hobnob",
    "interact",
    "intermix",
    "jest",
    "joke",
    "mingle",
    "mix",
    "neck",
    "negotiate",
    "plot",
    "rendezvous",
    "spoon",
    "agree",
    "debate",
    "cost",
    "last",
    "arch",
    "bare",
    "bat",
    "beat",
    "clench",
    "click",
    "close",
    "cock",
    "crane",
    "crook",
    "drum",
    "flash",
    "flex",
    "flick",
    "flutter",
    "gnash",
    "hunch",
    "pucker",
    "purse",
    "raise",
    "rub",
    "shuffle",
    "smack",
    "stamp",
    "stretch",
    "toss",
    "twiddle",
    "wag",
    "wring",
    "coin",
    "compose",
    "compute",
    "concoct",
    "construct",
    "contrive",
    "create",
    "fabricate",
    "invent",
    "manufacture",
    "organize",
    "produce",
    "recreate",
    "style",
    "synthesize",
    "lay",
    "conjure",
    "design",
    "dig",
    "mint",
    "publish",
    "rearrange",
    "reconstitute",
    "reorganize",
    "schedule",
    "stage",
    "curtsey",
    "genuflect",
    "salaam",
    "salute",
    "hew",
    "saw",
    "scrape",
    "scratch",
    "slash",
    "snip",
    "deaccent",
    "debark",
    "debone",
    "debowel",
    "debug",
    "debur",
    "declaw",
    "defang",
    "defat",
    "defeather",
    "deflea",
    "deflesh",
    "deflower",
    "defoam",
    "defog",
    "deforest",
    "defrost",
    "defuzz",
    "degas",
    "degerm",
    "deglaze",
    "degrease",
    "degrit",
    "degum",
    "degut",
    "dehair",
    "dehead",
    "dehorn",
    "dehull",
    "dehusk",
    "deice",
    "deink",
    "delint",
    "delouse",
    "deluster",
    "demast",
    "derat",
    "derib",
    "derind",
    "desalt",
    "descale",
    "desex",
    "desprout",
    "destarch",
    "destress",
    "detassel",
    "detusk",
    "devein",
    "dewater",
    "dewax",
    "deworm",
    "prove",
    "declare",
    "find",
    "profess",
    "dedicate",
    "devote",
    "defend",
    "insure",
    "protect",
    "shade",
    "annihilate",
    "blitz",
    "damage",
    "decimate",
    "desecrate",
    "destroy",
    "disfigure",
    "efface",
    "exterminate",
    "extirpate",
    "maim",
    "mutilate",
    "obliterate",
    "ravage",
    "raze",
    "ruin",
    "undo",
    "wreck",
    "devour",
    "ingest",
    "imbibe",
    "swill",
    "branch",
    "deviate",
    "diverge",
    "banquet",
    "breakfast",
    "brunch",
    "dine",
    "feast",
    "graze",
    "lunch",
    "luncheon",
    "nosh",
    "picnic",
    "snack",
    "sup",
    "die",
    "disappear",
    "expire",
    "lapse",
    "perish",
    "vanish",
    "detach",
    "disassemble",
    "disconnect",
    "dismantle",
    "dismount",
    "partition",
    "sift",
    "sunder",
    "unbolt",
    "unbuckle",
    "unbutton",
    "unchain",
    "unclamp",
    "unclasp",
    "unclip",
    "unfasten",
    "unfix",
    "unglue",
    "unhinge",
    "unhitch",
    "unhook",
    "unlace",
    "unlatch",
    "unlock",
    "unleash",
    "unpeg",
    "unpin",
    "unscrew",
    "unshackle",
    "unstaple",
    "unstitch",
    "untie",
    "unzip",
    "ascertain",
    "pick up",
    "hear",
    "learn",
    "read",
    "find out",
    "figure out",
    "bathe",
    "change",
    "clothe",
    "disrobe",
    "dress",
    "exercise",
    "preen",
    "primp",
    "shave",
    "shower",
    "sunbathe",
    "undress",
    "wash",
    "doll",
    "spruce",
    "tog",
    "drive",
    "row",
    "wheel",
    "barge",
    "bus",
    "cart",
    "ferry",
    "fly",
    "shuttle",
    "truck",
    "decree",
    "dub",
    "pronounce",
    "rule",
    "term",
    "vote",
    "anoint",
    "baptize",
    "brand",
    "christen",
    "consecrate",
    "nickname",
    "eat",
    "drink",
    "enforce",
    "impose",
    "beget",
    "bring about",
    "cause",
    "engender",
    "generate",
    "sire",
    "blister",
    "bloom",
    "blossom",
    "bud",
    "burgeon",
    "burn",
    "corrode",
    "decay",
    "deteriorate",
    "erode",
    "ferment",
    "flower",
    "germinate",
    "molder",
    "molt",
    "rot",
    "rust",
    "spoil",
    "sprout",
    "stagnate",
    "tarnish",
    "wane",
    "wilt",
    "wither",
    "billow",
    "cascade",
    "decompose",
    "effervesce",
    "fester",
    "fizz",
    "foam",
    "froth",
    "moult",
    "propagate",
    "rage",
    "respire",
    "ripple",
    "smoke",
    "smolder",
    "suppurate",
    "sweep",
    "trickle",
    "invest",
    "ply",
    "arm",
    "equip",
    "rearm",
    "redress",
    "regale",
    "reward",
    "armor",
    "overburden",
    "weight",
    "burden",
    "compensate",
    "ascend",
    "climb",
    "cross",
    "depart",
    "descend",
    "disembark",
    "enter",
    "escape",
    "exit",
    "flee",
    "leave",
    "vacate",
    "advance",
    "approach",
    "go",
    "recede",
    "arrive",
    "exceed",
    "excel",
    "lap",
    "outbid",
    "outmatch",
    "outnumber",
