{"modes":[{"name":"Type-signature","n_verbs":11933,"n_dims":3072,"ari":0.1786,"nmi":0.4087,"silhouette":0.069,"matched_accuracy":0.3938,"z_score":-191.5,"best_k":14,"sweep":[{"k":3,"silhouette":0.04715614208443792,"inertia":7568.757035422977},{"k":4,"silhouette":0.04997461398898447,"inertia":7451.318444717261},{"k":5,"silhouette":0.058866519748910016,"inertia":7349.580821585524},{"k":6,"silhouette":0.05037307616599535,"inertia":7273.453479145295},{"k":7,"silhouette":0.05964180106406386,"inertia":7183.7017900496285},{"k":8,"silhouette":0.06553185358719961,"inertia":7102.862052603655},{"k":9,"silhouette":0.06825897244932869,"inertia":7030.178646627783},{"k":10,"silhouette":0.07090240500890542,"inertia":6977.228327545461},{"k":11,"silhouette":0.07085040584768458,"inertia":6928.175151650319},{"k":12,"silhouette":0.0731396306497039,"inertia":6891.465309252728},{"k":13,"silhouette":0.07134592325946232,"inertia":6861.8282915974905},{"k":14,"silhouette":0.07416289166294497,"inertia":6817.864702339202},{"k":15,"silhouette":0.07043885561443523,"inertia":6789.185686420828},{"k":16,"silhouette":0.07286093238686212,"inertia":6755.53462168353},{"k":17,"silhouette":0.07163946968411668,"inertia":6727.105313808678},{"k":18,"silhouette":0.07221735047945592,"inertia":6702.010515839165},{"k":19,"silhouette":0.06508192001642363,"inertia":6677.30887124109},{"k":20,"silhouette":0.0700452255428249,"inertia":6658.574076573875}],"centroid_matrix":[[1.0,0.7526,0.8575,0.7733,0.6873,0.6942,0.7826,0.632,0.7145],[0.7526,1.0,0.7868,0.6777,0.7319,0.6468,0.7629,0.5923,0.6606],[0.8575,0.7868,1.0,0.7576,0.7534,0.7587,0.8353,0.6566,0.7616],[0.7733,0.6777,0.7576,1.0,0.6941,0.7963,0.717,0.5624,0.729],[0.6873,0.7319,0.7534,0.6941,1.0,0.7311,0.6951,0.6041,0.7078],[0.6942,0.6468,0.7587,0.7963,0.7311,1.0,0.7351,0.5784,0.7753],[0.7826,0.7629,0.8353,0.717,0.6951,0.7351,1.0,0.6111,0.7974],[0.632,0.5923,0.6566,0.5624,0.6041,0.5784,0.6111,1.0,0.5371],[0.7145,0.6606,0.7616,0.729,0.7078,0.7753,0.7974,0.5371,1.0]]},{"name":"Definition","n_verbs":11933,"n_dims":3072,"ari":0.0385,"nmi":0.117,"silhouette":0.0319,"matched_accuracy":0.2394,"z_score":-86.8,"best_k":3,"sweep":[{"k":3,"silhouette":0.06550478320299463,"inertia":8878.325352887596},{"k":4,"silhouette":0.06165150642575106,"inertia":8813.403421013523},{"k":5,"silhouette":0.06169295426342579,"inertia":8756.294193562473},{"k":6,"silhouette":0.0320490615085847,"inertia":8703.826824263779},{"k":7,"silhouette":0.03118802786620161,"inertia":8656.68182552514},{"k":8,"silhouette":0.03210966838696957,"inertia":8612.295848280693},{"k":9,"silhouette":0.03349017288089231,"inertia":8574.250830894955},{"k":10,"silhouette":0.02958414365419759,"inertia":8541.23668624989},{"k":11,"silhouette":0.031018807508530234,"inertia":8509.604603047268},{"k":12,"silhouette":0.03314327061786603,"inertia":8475.419539252145},{"k":13,"silhouette":0.03171936075774334,"inertia":8446.369691685231},{"k":14,"silhouette":0.032793306464963055,"inertia":8422.69709317527},{"k":15,"silhouette":0.03136237384601189,"inertia":8396.56583234512},{"k":16,"silhouette":0.03310503600427968,"inertia":8370.074147386615},{"k":17,"silhouette":0.030830831598219824,"inertia":8348.689797115476},{"k":18,"silhouette":0.03274373955126964,"inertia":8328.051524975268},{"k":19,"silhouette":0.032798746923770036,"inertia":8304.125067893998},{"k":20,"silhouette":0.03423077327685803,"inertia":8284.484237959357}],"centroid_matrix":[[1.0,0.8018,0.8905,0.902,0.8075,0.7677,0.8616,0.6914,0.8275],[0.8018,1.0,0.8711,0.7911,0.8906,0.7904,0.8598,0.7129,0.8144],[0.8905,0.8711,1.0,0.8796,0.905,0.8482,0.8785,0.771,0.8485],[0.902,0.7911,0.8796,1.0,0.8164,0.8193,0.8288,0.6756,0.8285],[0.8075,0.8906,0.905,0.8164,1.0,0.8624,0.8241,0.7141,0.8129],[0.7677,0.7904,0.8482,0.8193,0.8624,1.0,0.8469,0.651,0.8642],[0.8616,0.8598,0.8785,0.8288,0.8241,0.8469,1.0,0.6563,0.946],[0.6914,0.7129,0.771,0.6756,0.7141,0.651,0.6563,1.0,0.6126],[0.8275,0.8144,0.8485,0.8285,0.8129,0.8642,0.946,0.6126,1.0]]},{"name":"Combined","n_verbs":11933,"n_dims":3072,"ari":0.3562,"nmi":0.6979,"silhouette":0.0784,"matched_accuracy":0.5514,"z_score":-243.6,"best_k":3,"sweep":[{"k":3,"silhouette":0.09531674917308852,"inertia":7108.696481204001},{"k":4,"silhouette":0.05493560051887366,"inertia":7025.441099650487},{"k":5,"silhouette":0.06198188288893433,"inertia":6944.510246221763},{"k":6,"silhouette":0.0616593135050473,"inertia":6871.994553191882},{"k":7,"silhouette":0.06887877483788771,"inertia":6801.1744520089305},{"k":8,"silhouette":0.07039357360809655,"inertia":6736.415394530901},{"k":9,"silhouette":0.0740885781868804,"inertia":6678.593244318409},{"k":10,"silhouette":0.07650211170267067,"inertia":6635.360330371641},{"k":11,"silhouette":0.07878819857516146,"inertia":6586.938385256439},{"k":12,"silhouette":0.07931375467084534,"inertia":6558.077082435306},{"k":13,"silhouette":0.0676529762649414,"inertia":6523.034071950209},{"k":14,"silhouette":0.07957985180051881,"inertia":6490.349135694494},{"k":15,"silhouette":0.06696227611997983,"inertia":6465.175605345402},{"k":16,"silhouette":0.06641942035682916,"inertia":6442.538795843597},{"k":17,"silhouette":0.0661078506122698,"inertia":6419.157489288905},{"k":18,"silhouette":0.06849037311341732,"inertia":6398.1642121004315},{"k":19,"silhouette":0.06726199511047413,"inertia":6380.618047583991},{"k":20,"silhouette":0.06851036161493392,"inertia":6361.313142584079}],"centroid_matrix":[[1.0,0.6782,0.7513,0.6908,0.6637,0.6717,0.7399,0.6235,0.6569],[0.6782,1.0,0.7685,0.7071,0.7417,0.6923,0.7564,0.6243,0.6987],[0.7513,0.7685,1.0,0.7471,0.7894,0.7786,0.7891,0.7049,0.7527],[0.6908,0.7071,0.7471,1.0,0.7067,0.7506,0.6991,0.6162,0.7011],[0.6637,0.7417,0.7894,0.7067,1.0,0.7997,0.7303,0.6803,0.746],[0.6717,0.6923,0.7786,0.7506,0.7997,1.0,0.7572,0.6524,0.7641],[0.7399,0.7564,0.7891,0.6991,0.7303,0.7572,1.0,0.6503,0.7627],[0.6235,0.6243,0.7049,0.6162,0.6803,0.6524,0.6503,1.0,0.5843],[0.6569,0.6987,0.7527,0.7011,0.746,0.7641,0.7627,0.5843,1.0]]}],"op_order":["NUL","DES","INS","SEG","CON","SYN","ALT","SUP","REC"],"taxonomy":{"results":{"Scale (phys/soc/psych/info)":{"k":4,"z_score":-721.6954483800234},"EO triads":{"k":3,"z_score":-454.626701797821},"WordNet lexicographer":{"k":15,"z_score":-380.32626170833237},"Morphological (prefix)":{"k":15,"z_score":-193.9178684601575},"Operator\u00d7Scale":{"k":31,"z_score":-125.65882364761598},"EO operators":{"k":9,"z_score":-79.04120827196056},"Random baseline (mean of 20)":{"k":9,"z_score":-0.2114248560020398}},"eo_vs_wordnet":{"ari":0.0026664951524474853,"nmi":0.06783428861542835}},"falsification":{"test_a_random_baseline":{"eo_z_score":-79.04120827196073,"random_taxonomy_z_mean":0.06631867728301877,"random_taxonomy_z_std":0.7237013296643986,"random_taxonomy_z_range":[-0.9587237406944825,1.4873883177179983],"eo_vs_random_ratio":790.4120827196073},"test_b_defectors":{"n_defectors":101,"n_total":11933,"defection_rate":0.00846392357328417}}}